
p1 = [0.004752578267073,   0.585316104733406]
p2 = [0   0.580159000000000]
p3 = [0   0.587971500000000]

(p2(1)-p1(1))*(p3(2)-p2(2))-(p2(2)-p1(2))*(p3(1)-p2(1))